INDEX. ’

——-

A· 3111116111 611, 7. -1111 161.
6 616666616166666161616 castrorum 66, 8.
681. agger 35, 9. 61, 16. -es 33,
6161161616166, 63. 11.
accedere 68, 7. 616 -66 equitum 66,16.
accipere 16111616616, 16. lo· -1111116116 64, 18. 6. m. de·
6111166, 6. numeros 2¹1, 61. 1611611161 64, 61. ubi 166661
1611. 11, 6. 9. 6611 pedatura 99,
66 praep. 66111161661161111161 60. quot 6166 6111161166 16
90 computare 61,16 66 caetris 939 66, 10.-1111111·
1616611616111611111161,18.3611611661, 18. (1.6. 661611-

s 61106666 66 18. cs. 68,11). 61116· 66, 6. 67, 6. 10. quot

61,6.66111111111111166,16.6..,6616661611116166
adaperire 6116111111 66,60. 10.
adferre novitatem 6616116111 616111 -99 equites 60,18.
35, 4. -6616661.61,18.
1611666, 66. 66, 6. 61616 9quum 11, 24. 25, 4.
66116616 67, 16 611611 uin 16, 16. 66, 7.
adicere- icies 161111611611 aliquando 60, 16 16, 16.
1611166, 233 -16616 quinta aliquo 1611111667
67, 16. 61. 61161161 -6 1166 66, 8.
adloqui exereitum 2914. 6111111616 quaestoria& 6616.
, admonere 67, 6. amplius fere promotam 29,
adsignare 6666111166 66, 16. 6.-61116616666111661611111
66, 67. 68,1. 1061161666. 66, 61.
61161. 66, 7. 61, 17 cf. 60, anguino-i 6661161611 66, 11.
15. 0010111616 66, 16.
6111611116 -1661111661.67,1.611611116 m -1166,16.
aequalis -1 1611616667 appellare locum 66,16. 64, 11.
aeque 24, 17. 67, 16.

 

